40
55
13
1 27
2 27
0 28
8 38
18 34
3 29
17 27
9 30
14 37
9 33
13 24
0 32
7 22
13 20
2 32
6 25
19 23
11 39
0 39
1 21
4 32
17 36
11 25
15 33
2 28
4 20
10 39
0 27
12 22
3 27
8 28
16 26
17 34
10 21
5 20
17 37
1 33
18 38
14 36
10 37
6 29
14 31
17 23
13 23
5 31
4 21
0 25
14 26
7 34
2 39
4 38
8 37
12 32
8 21
14 35
20
4 20
19 23
13 24
16 26
9 30
5 31
15 33
14 35
17 36
1 21
0 25
3 27
6 29
10 37
11 39
7 22
2 28
12 32
18 34
8 38
20
4 20
19 23
13 24
16 26
9 30
5 31
15 33
14 35
17 36
1 21
0 25
6 29
10 37
11 39
12 22
8 28
2 32
7 34
18 38
20
4 20
19 23
13 24
16 26
9 30
5 31
15 33
14 35
17 36
1 21
6 25
0 27
3 29
10 37
11 39
7 22
2 28
12 32
18 34
8 38
20
4 20
19 23
13 24
16 26
9 30
5 31
15 33
14 35
17 36
1 21
6 25
0 27
3 29
10 37
11 39
12 22
8 28
2 32
7 34
18 38
20
4 20
19 23
13 24
16 26
9 30
5 31
15 33
14 35
17 36
0 28
1 21
2 27
3 29
6 25
7 22
8 38
10 37
11 39
12 32
18 34
20
4 20
19 23
13 24
16 26
9 30
5 31
15 33
14 35
17 36
0 28
1 21
3 27
7 22
6 25
2 29
12 32
18 34
10 37
8 38
11 39
20
4 20
19 23
13 24
16 26
9 30
5 31
15 33
14 35
17 36
0 28
1 21
3 27
12 22
11 25
6 29
2 32
7 34
8 37
18 38
10 39
20
4 20
19 23
13 24
16 26
9 30
5 31
15 33
14 35
17 36
0 28
10 21
12 22
6 25
1 27
3 29
2 32
7 34
8 37
18 38
11 39
20
4 20
19 23
13 24
16 26
9 30
5 31
15 33
14 35
17 36
0 32
7 34
12 22
18 38
1 21
6 25
2 27
8 28
3 29
10 37
11 39
20
4 20
19 23
13 24
16 26
9 30
5 31
15 33
14 35
17 36
0 32
7 34
12 22
18 38
1 27
2 28
3 29
6 25
11 39
8 21
10 37
20
4 20
19 23
13 24
16 26
9 30
5 31
15 33
14 35
17 36
0 32
7 34
12 22
18 38
1 27
2 28
3 29
6 25
11 39
10 21
8 37
20
4 20
19 23
13 24
16 26
9 30
5 31
15 33
14 35
17 36
0 39
1 21
11 25
3 27
6 29
10 37
7 22
2 28
12 32
18 34
8 38
20
4 20
19 23
13 24
16 26
9 30
5 31
15 33
14 35
17 36
0 39
1 21
11 25
3 27
6 29
10 37
18 38
7 34
2 32
8 28
12 22